0.5	22	13	13	10	16	23	11	9	10	18
1	88	68	82	81	77	96	87	93	90	74
1.5	296	283	265	303	290	296	297	270	233	304
2	465	435	478	478	474	479	500	456	465	472
2.5	627	590	602	550	619	584	599	618	569	626
3	686	668	687	711	654	683	692	702	666	679
3.5	728	730	735	738	715	695	739	739	760	749
4	778	839	726	812	755	778	772	783	804	757
4.5	822	851	773	854	797	833	770	805	783	814
5	859	804	807	832	844	827	830	843	829	867
5.5	849	794	823	835	816	867	873	822	844	883
6	901	822	826	846	841	862	823	862	854	812
6.5	889	852	870	874	838	841	856	836	870	856
7	824	838	877	849	833	843	838	811	845	897
7.5	880	877	848	860	833	900	890	831	855	904
8	822	805	887	873	892	892	829	907	839	884
8.5	814	833	958	789	846	927	908	850	850	869
9	851	878	867	844	862	857	859	851	844	856
9.5	878	849	819	834	877	854	849	872	856	869
10	847	869	838	878	847	864	911	865	897	839
10.5	861	863	879	872	834	830	877	887	867	842
11	867	849	848	864	928	894	838	898	848	892
11.5	845	881	851	860	854	857	845	813	906	854
12	875	842	889	882	895	892	834	845	826	835
12.5	883	881	861	876	883	864	874	868	876	885
13	866	827	870	866	802	827	904	854	886	820
13.5	802	816	867	848	864	820	881	877	878	860
14	817	867	863	812	828	919	860	855	879	881
14.5	810	870	902	852	879	882	825	893	818	805
15	827	841	803	883	823	894	853	845	876	885
15.5	854	840	859	842	873	857	876	907	839	843
16	847	886	826	841	862	918	898	854	809	881
16.5	905	894	886	873	861	851	821	877	893	854
17	847	846	823	812	910	826	843	839	816	839
17.5	853	907	859	849	880	828	791	855	895	862
18	839	864	863	871	866	888	778	856	852	812
18.5	845	831	845	844	818	841	905	855	862	860
19	806	858	856	858	844	851	769	838	819	831
19.5	855	843	874	882	850	827	859	839	849	783
20	884	847	851	862	832	832	915	855	814	801
20.5	831	846	834	825	838	815	856	845	856	921
21	873	806	813	797	858	857	853	903	836	795
21.5	859	833	837	864	837	867	834	808	826	786
22	793	878	836	820	855	842	874	827	799	872
22.5	876	830	835	838	890	806	808	836	831	869
23	816	810	820	774	871	794	831	807	855	840
23.5	814	855	756	831	875	847	856	890	837	863
24	833	761	790	832	801	819	821	840	809	826
24.5	851	831	842	830	859	790	780	866	818	854
25	804	811	847	805	878	848	874	855	808	792
25.5	820	784	798	818	767	798	859	819	809	803
26	842	861	827	793	811	846	841	829	790	836
26.5	809	834	829	859	877	817	783	778	839	805
27	831	771	814	844	852	844	818	817	832	848
27.5	826	815	802	807	817	789	817	873	859	779
28	769	828	778	800	813	802	790	757	827	808
28.5	837	772	791	825	770	826	787	840	847	794
29	783	736	782	779	799	800	795	821	822	826
29.5	734	766	793	823	837	825	844	822	878	819
30	839	805	807	794	741	797	798	775	780	840
30.5	862	751	801	759	800	806	847	802	811	749
31	782	856	797	815	831	823	784	794	744	775
31.5	806	744	877	813	810	805	824	754	849	836
32	759	754	770	788	759	807	798	760	747	784
32.5	828	766	814	834	829	824	776	790	773	783
33	782	775	821	827	794	796	781	754	821	758
33.5	782	784	795	779	779	805	749	740	790	801
34	827	798	763	794	779	820	783	818	758	822
34.5	787	815	820	809	771	826	770	716	829	773
35	780	771	799	746	775	765	786	781	763	761
35.5	778	818	818	835	768	846	793	823	827	828
36	811	790	843	797	773	796	805	805	885	851
36.5	829	829	794	818	809	830	821	838	785	794
37	765	850	823	814	829	806	792	797	884	781
37.5	813	811	845	828	808	826	817	795	877	840
38	741	857	831	747	810	793	819	786	781	802
38.5	826	802	821	839	816	859	792	809	823	875
39	771	802	897	847	775	769	824	787	789	830
39.5	809	812	811	813	807	819	817	785	784	840
40	814	780	813	841	831	777	832	791	770	823
40.5	775	788	777	772	751	775	794	859	799	779
41	823	779	753	798	810	786	841	793	764	773
41.5	810	804	801	814	772	832	813	767	817	805
42	803	771	737	755	856	799	761	819	767	784
42.5	772	770	796	804	818	747	823	810	807	783
43	778	800	800	833	817	772	757	832	800	763
43.5	849	778	810	779	807	816	804	814	812	801
44	744	810	829	779	767	792	802	793	752	748
44.5	784	802	809	720	851	763	804	748	753	763
45	749	756	767	806	771	783	836	749	752	800
45.5	771	797	796	778	763	773	756	812	732	755
46	767	746	775	723	769	772	769	782	793	788
46.5	756	785	755	768	833	767	807	811	733	785
47	754	730	759	792	752	778	773	718	763	760
47.5	735	775	719	780	757	724	757	817	752	743
48	715	793	703	710	704	721	733	735	694	748
48.5	655	665	702	664	653	700	653	679	702	701
49	645	674	670	730	694	731	688	675	656	699
49.5	692	687	715	692	671	718	730	644	719	698
50	702	667	671	682	671	711	663	694	684	700
50.5	703	666	674	671	714	689	706	703	705	653
51	644	697	685	676	637	669	695	688	653	650
51.5	657	643	673	659	692	674	677	698	661	673
52	646	681	680	659	657	687	609	732	647	665
52.5	676	691	681	640	668	670	710	644	685	632
53	701	639	662	665	622	620	635	652	644	639
53.5	646	644	679	611	637	662	654	662	693	689
54	619	647	650	644	641	641	612	593	660	621
54.5	646	630	676	648	688	622	687	671	651	656
55	661	602	652	645	661	640	632	646	666	624
55.5	655	668	639	634	594	668	673	610	634	659
56	639	650	646	644	623	644	628	601	622	607
56.5	606	604	615	627	572	628	597	589	631	625
57	628	591	641	619	630	627	620	625	604	655
57.5	634	677	657	631	683	618	671	674	612	648
58	588	602	587	652	615	568	591	658	596	581
58.5	646	663	627	608	677	624	644	665	613	626
59	593	610	611	620	639	636	627	602	608	640
59.5	588	568	596	561	612	589	586	617	611	630
60	581	576	595	598	616	582	622	581	623	583
60.5	577	596	626	631	602	577	625	577	621	647
61	541	605	586	613	556	590	569	585	572	558
61.5	591	597	586	586	564	573	532	604	586	562
62	575	579	570	561	550	562	566	530	564	567
62.5	589	591	592	597	611	592	608	567	611	561
63	547	585	563	589	563	620	562	556	617	551
63.5	603	568	523	563	601	549	627	549	621	608
64	612	563	544	569	573	602	542	612	606	547
64.5	527	505	507	538	528	559	550	465	545	508
65	528	566	560	570	589	593	559	559	602	507
65.5	586	574	563	587	561	542	534	531	587	559
66	558	531	565	554	519	532	533	512	536	571
66.5	586	553	563	543	566	551	578	607	559	515
67	558	548	584	496	514	535	525	518	525	559
67.5	521	573	546	557	556	563	528	531	514	533
68	544	516	549	540	530	532	518	512	510	550
68.5	538	504	465	551	451	535	509	489	497	527
69	516	515	545	551	505	549	539	526	507	498
69.5	525	571	522	554	522	513	531	507	524	558
70	538	495	499	516	531	494	488	536	491	489
70.5	518	491	517	542	530	513	492	517	561	504
71	491	515	480	546	482	500	513	526	529	530
71.5	537	492	482	470	473	470	489	496	490	497
72	506	492	495	515	508	483	497	470	458	522
72.5	469	461	450	435	478	485	510	485	500	448
73	503	500	470	529	491	485	484	464	476	459
73.5	521	489	501	466	469	468	485	484	454	483
74	503	448	471	471	460	456	475	486	481	460
74.5	469	534	523	507	478	509	524	479	490	442
75	475	420	478	460	490	472	488	496	444	460
75.5	459	442	460	461	470	445	443	432	514	466
76	451	475	486	418	449	464	442	459	433	439
76.5	445	489	466	436	478	444	490	465	457	456
77	432	465	422	456	465	462	423	428	430	440
77.5	460	468	445	491	435	444	430	456	466	411
78	446	438	423	417	486	429	420	449	425	498
78.5	401	440	460	407	460	417	454	465	432	458
79	441	445	462	417	422	433	443	442	414	419
79.5	442	426	471	442	437	447	419	457	453	460
80	426	413	408	456	448	454	407	431	429	397
80.5	407	417	434	395	402	427	405	398	426	407
81	431	435	415	414	411	428	422	427	403	394
81.5	422	415	422	395	439	427	407	415	410	430
82	400	393	413	415	392	349	383	411	450	423
82.5	410	424	386	408	372	421	392	406	389	413
83	440	418	389	398	381	456	404	432	367	404
83.5	374	415	379	404	407	400	389	408	436	417
84	394	395	379	392	405	410	388	389	350	402
84.5	424	385	392	393	419	412	406	384	384	405
85	359	407	358	398	393	382	376	396	385	365
85.5	398	397	385	378	366	424	365	407	379	395
86	372	367	385	384	353	409	347	391	390	387
86.5	346	392	413	391	392	398	382	349	370	377
87	384	345	394	379	369	365	351	354	401	349
87.5	373	386	372	355	373	354	385	385	352	364
88	343	354	330	367	383	339	345	320	376	378
88.5	351	370	365	338	358	363	325	358	338	328
89	364	349	340	339	376	356	341	342	304	313
89.5	358	371	337	338	430	366	357	358	320	382
90	362	327	320	338	345	287	345	329	337	354
90.5	353	387	347	337	339	364	325	366	366	322
91	345	328	347	329	315	358	340	344	342	354
91.5	335	305	330	369	354	353	357	322	323	335
92	319	322	316	333	322	326	315	307	299	308
92.5	346	323	357	339	326	330	341	337	310	311
93	309	344	300	332	341	329	326	291	298	332
93.5	276	324	343	332	345	334	366	335	313	318
94	343	304	337	312	300	306	303	299	340	292
94.5	298	317	322	321	318	274	303	332	324	339
95	299	319	345	306	305	338	292	302	284	285
95.5	296	300	309	309	310	302	319	289	308	323
96	290	276	269	298	283	282	279	284	289	287
96.5	315	303	295	288	294	298	284	320	298	313
97	293	283	292	244	284	291	314	284	270	299
97.5	287	263	266	300	314	273	293	266	269	290
98	303	293	284	315	290	288	271	281	264	251
98.5	278	291	297	301	280	283	272	251	275	296
99	277	271	296	284	278	277	266	296	251	290
99.5	296	273	266	271	280	262	226	291	280	264
100	249	294	258	261	292	272	252	255	263	264
100.5	254	265	263	286	248	274	248	264	230	254
101	250	255	250	245	239	245	245	239	253	282
101.5	256	238	235	266	258	242	244	260	262	238
102	251	263	249	270	265	233	247	261	248	267
102.5	237	231	247	246	270	240	248	265	255	276
103	231	275	244	237	256	252	249	239	249	280
103.5	239	236	255	231	253	226	250	258	229	246
104	234	262	222	261	220	193	254	223	251	226
104.5	214	207	219	230	246	238	237	228	223	238
105	238	214	227	226	245	225	220	243	230	209
105.5	201	238	216	244	208	235	265	218	239	221
106	230	219	205	227	211	205	206	190	212	212
106.5	233	214	196	214	213	219	244	217	226	204
107	217	226	209	241	209	217	243	205	206	219
107.5	238	221	214	223	234	193	225	196	204	185
108	183	208	220	206	241	223	212	204	204	226
108.5	208	219	191	212	210	232	225	218	205	205
109	201	204	210	192	198	210	201	202	225	194
109.5	211	227	152	203	208	186	205	180	208	197
110	184	203	191	183	206	204	199	172	212	172
110.5	177	168	211	197	185	196	188	192	185	218
111	203	191	189	200	197	171	176	185	190	172
111.5	176	203	200	201	178	214	192	164	195	176
112	193	185	180	169	170	185	178	195	145	167
112.5	197	179	202	212	173	180	175	200	182	189
113	172	172	163	184	169	179	179	158	184	168
113.5	169	180	194	186	184	193	175	208	172	193
114	165	182	182	156	174	202	161	162	168	162
114.5	176	180	166	155	173	168	162	168	197	176
115	171	171	171	175	162	168	155	167	156	179
115.5	168	175	167	146	162	159	159	177	165	187
116	143	175	162	157	158	167	169	158	157	159
116.5	161	151	182	157	158	150	154	159	155	147
117	184	132	165	154	166	157	157	145	156	131
117.5	169	147	167	123	150	139	113	170	144	155
118	140	131	150	152	148	133	151	136	163	146
118.5	155	151	144	130	149	144	150	151	139	138
119	130	155	145	124	155	152	150	140	125	141
119.5	153	142	145	145	140	154	140	150	147	138
120	133	119	127	123	125	141	117	126	127	131
120.5	127	135	134	146	120	141	124	133	129	157
121	119	136	131	145	129	128	133	123	137	127
121.5	128	155	136	130	123	134	114	135	144	116
122	150	132	131	123	104	126	112	110	119	124
122.5	139	146	114	121	139	112	145	127	118	124
123	142	115	121	105	123	107	115	140	112	121
123.5	120	113	143	112	114	137	130	113	107	124
124	103	119	133	111	120	117	105	106	106	119
124.5	119	114	133	96	99	108	101	122	117	120
125	123	127	99	100	111	107	120	106	103	139
125.5	120	135	120	106	99	116	126	112	99	108
126	91	100	121	107	101	94	103	95	112	100
126.5	115	109	124	138	102	83	112	118	120	103
127	114	105	94	105	112	94	104	104	95	112
127.5	109	112	104	111	101	99	105	96	111	121
128	84	117	106	100	98	90	99	88	97	84
128.5	102	84	88	96	97	74	69	94	89	94
129	94	107	102	77	91	98	87	87	99	80
129.5	79	79	73	88	103	99	88	112	108	98
130	96	91	86	101	96	93	93	84	87	75
130.5	89	99	106	80	98	89	89	93	93	87
131	82	83	80	70	77	87	84	79	87	90
131.5	72	88	87	85	87	78	79	81	87	81
132	72	85	85	75	78	95	80	80	87	80
132.5	84	77	91	94	82	66	80	81	91	81
133	73	87	78	72	66	79	67	69	92	87
133.5	76	82	77	68	80	75	81	79	67	65
134	86	81	61	80	68	64	56	68	70	82
134.5	77	95	71	69	72	72	65	69	86	70
135	69	65	70	71	61	82	67	69	56	64
135.5	75	59	81	66	51	62	78	75	75	70
136	63	72	74	79	71	79	80	64	73	70
136.5	62	63	69	54	76	63	77	71	68	66
137	72	61	60	73	68	63	56	75	52	55
137.5	54	67	71	67	70	61	67	60	73	68
138	80	59	54	58	66	64	63	63	71	55
138.5	62	55	55	61	60	55	72	69	67	66
139	50	44	55	61	49	48	63	53	50	66
139.5	54	66	52	63	66	56	49	69	62	68
140	48	81	52	62	62	54	43	65	53	59
140.5	46	63	58	59	60	65	60	50	65	57
141	60	58	66	65	60	50	56	52	59	68
141.5	42	65	46	36	60	54	55	45	58	58
142	46	45	44	54	54	60	50	49	52	60
142.5	46	47	42	54	58	68	46	43	50	50
143	30	48	39	44	36	43	46	51	57	44
143.5	51	42	41	48	52	49	32	49	48	40
144	47	44	49	45	45	35	40	47	48	42
144.5	35	34	41	44	42	46	31	34	34	48
145	50	39	50	45	43	27	46	43	53	36
145.5	45	42	39	53	47	41	50	34	33	39
146	43	38	44	40	50	30	46	33	37	31
146.5	37	38	41	42	37	44	40	35	39	45
147	36	41	40	40	41	35	43	39	44	30
147.5	33	42	34	35	53	35	35	29	31	39
148	40	34	39	36	31	32	37	31	31	33
148.5	37	37	33	33	35	48	28	44	34	26
149	29	36	38	22	24	28	29	35	37	33
149.5	39	22	34	34	30	29	22	20	33	28
150	27	23	36	39	40	27	32	37	33	36
150.5	24	27	30	35	16	34	34	32	25	34
151	32	34	35	31	19	28	29	27	34	26
151.5	35	42	37	39	20	25	34	24	31	25
152	26	33	30	24	29	21	26	27	20	27
152.5	27	28	36	26	31	33	25	26	20	33
153	22	30	29	28	26	19	27	20	31	25
153.5	27	26	25	22	28	20	26	23	27	25
154	22	29	18	29	27	23	19	26	26	27
154.5	20	27	14	14	22	20	25	20	22	20
155	19	21	21	19	24	18	20	26	22	28
155.5	28	20	21	22	15	28	25	27	21	28
156	23	16	24	21	23	20	11	17	16	26
